0.04048688,0.94927990,0.01023322
0.00689458,0.02252720,0.97057822
0.15745283,0.81536824,0.02717893
0.10311029,0.77082306,0.12606665
0.00433081,0.50400909,0.49166010
0.15410334,0.03538843,0.81050822
0.00093090,0.12223123,0.87683787
0.04229420,0.09745196,0.86025384
0.87144013,0.11036439,0.01819548
0.00557764,0.98608871,0.00833365
0.00000041,0.99999733,0.00000226
0.17758480,0.52196789,0.30044731
0.98684816,0.01314414,0.00000770
0.00931649,0.83889326,0.15179025
0.00112041,0.84801965,0.15085995
0.00363799,0.78702428,0.20933774
0.99794041,0.00142577,0.00063382
0.00030570,0.00757066,0.99212364
0.90731285,0.09139289,0.00129426
0.49590564,0.45642572,0.04766864
0.04158890,0.62656685,0.33184425
0.07450871,0.80461980,0.12087149
0.26155073,0.05191056,0.68653871
0.62741319,0.35594667,0.01664014
0.63196880,0.08576323,0.28226797
0.73598972,0.23184439,0.03216589
0.30146123,0.45369629,0.24484248
0.27605275,0.72067021,0.00327704
0.03991814,0.00730611,0.95277575
0.99688750,0.00310263,0.00000987
0.00167943,0.44421826,0.55410231
0.66726929,0.28847823,0.04425248
0.05803148,0.32769370,0.61427482
0.00006985,0.08310328,0.91682687
0.79951342,0.18900377,0.01148281
0.09068805,0.67847540,0.23083656
0.08122969,0.78301930,0.13575101
0.99456939,0.00484410,0.00058651
0.00074076,0.00270899,0.99655025
0.03595437,0.15001536,0.81403027
0.10282013,0.12630211,0.77087776
0.04286959,0.22984599,0.72728442
0.76480487,0.23268481,0.00251032
0.07834955,0.91179307,0.00985738
0.99994617,0.00002119,0.00003264
0.76501215,0.23353148,0.00145636
0.01767551,0.33855994,0.64376455
0.02383170,0.75180706,0.22436124
0.96569616,0.03412959,0.00017425
0.85776286,0.01959645,0.12264069
0.00525725,0.68357569,0.31116706
0.01545092,0.88455223,0.09999685
0.96088410,0.03888702,0.00022888
0.09400892,0.37122740,0.53476368
0.98193997,0.01792493,0.00013510
0.34117396,0.36650495,0.29232109
0.08649391,0.25789539,0.65561070
0.27538939,0.02293406,0.70167655
0.31179208,0.13473408,0.55347385
0.05651667,0.69718546,0.24629787
0.00530402,0.43197417,0.56272182
0.97557868,0.01725668,0.00716465
0.00422948,0.18954178,0.80622874
0.98746156,0.00072849,0.01180995
0.00007089,0.01385081,0.98607830
0.36930028,0.33388619,0.29681354
0.02588993,0.62701206,0.34709800
0.03364303,0.53300645,0.43335051
0.72671273,0.19610654,0.07718072
0.44245507,0.35283346,0.20471147
0.01762867,0.22863502,0.75373631
0.30280800,0.35515295,0.34203905
0.00026978,0.08575728,0.91397294
0.00255671,0.24880275,0.74864053
0.52529862,0.45536287,0.01933851
0.66081353,0.29175267,0.04743381
0.03032095,0.96445219,0.00522686
0.99971563,0.00011385,0.00017052
0.00248751,0.67007439,0.32743810
0.18402051,0.73591756,0.08006193
0.17400016,0.60646545,0.21953438
0.03958028,0.95640752,0.00401220
0.14492644,0.61098251,0.24409105
0.97168603,0.02247209,0.00584188
0.00001770,0.00135984,0.99862246
0.00161061,0.01189197,0.98649742
0.00271617,0.07716077,0.92012306
0.00781588,0.15551130,0.83667282
0.01620080,0.00192457,0.98187464
0.72708638,0.23526366,0.03764996
0.00757466,0.42204051,0.57038483
0.04883119,0.04856957,0.90259924
0.01477240,0.78381402,0.20141359
0.91301177,0.02019213,0.06679610
0.07908778,0.92066589,0.00024633
0.00326988,0.00018285,0.99654726
0.03680938,0.90168205,0.06150857
0.93120425,0.06829222,0.00050353
0.92908005,0.07067129,0.00024866
0.12816617,0.72678811,0.14504572
0.06527024,0.55312545,0.38160430
0.14175602,0.50330679,0.35493719
0.30214936,0.41915285,0.27869779
0.88124781,0.07352958,0.04522261
0.86729465,0.12471370,0.00799165
0.00432655,0.63077984,0.36489362
0.07065618,0.54160205,0.38774177
0.98934137,0.01049665,0.00016198
0.04114111,0.73706215,0.22179675
0.31395467,0.49529984,0.19074549
0.00585630,0.58873185,0.40541185
0.04511644,0.19663688,0.75824668
0.07082430,0.42119269,0.50798301
0.78822194,0.17804564,0.03373242
0.00392967,0.54043358,0.45563675
0.31343482,0.29727000,0.38929518
0.88047981,0.11829632,0.00122387
0.00342275,0.64545583,0.35112142
0.01290316,0.77073870,0.21635815
0.22057810,0.62417263,0.15524927
0.99665339,0.00322085,0.00012575
0.00945541,0.00549684,0.98504775
0.64434510,0.18676442,0.16889048
0.19632986,0.72543892,0.07823122
0.13977179,0.24591593,0.61431228
0.76336812,0.23641851,0.00021337
0.98634502,0.01327704,0.00037794
0.00000166,0.00036645,0.99963189
0.03891084,0.13995554,0.82113362
0.96820121,0.02692465,0.00487413
0.01489229,0.45490689,0.53020082
0.94328350,0.05661262,0.00010388
0.68822838,0.21352046,0.09825115
0.97437923,0.00769485,0.01792592
0.00051647,0.17043769,0.82904584
0.76601422,0.08410423,0.14988155
0.06305715,0.22264088,0.71430197
0.94884017,0.05005600,0.00110382
0.01430077,0.34132296,0.64437627
0.00074922,0.06431700,0.93493378
0.00000171,0.01052298,0.98947531
0.04136130,0.23344795,0.72519075
0.01438983,0.13472547,0.85088470
0.00698099,0.34801905,0.64499996
0.20112056,0.75632207,0.04255737
0.20756590,0.58043029,0.21200382
0.07292411,0.92537217,0.00170372
0.37953974,0.41294221,0.20751805
0.60946247,0.20382856,0.18670897
0.01787750,0.28166889,0.70045361
0.01369460,0.89798186,0.08832354
0.05189951,0.09425004,0.85385045
0.98170966,0.00056467,0.01772566
0.00167959,0.59081213,0.40750828
0.03081490,0.24386326,0.72532184
0.06000209,0.56651009,0.37348782
0.02041773,0.84521419,0.13436808
0.04746705,0.17575567,0.77677727
0.09136377,0.28974359,0.61889265
0.23439919,0.10998544,0.65561537
0.00273062,0.01303009,0.98423929
0.00036663,0.82743158,0.17220179
0.32240986,0.37426188,0.30332826
0.00264547,0.23409450,0.76326004
0.21431679,0.16737958,0.61830363
0.01926409,0.77105258,0.20968333
0.20863021,0.64913524,0.14223455
0.03681973,0.26114170,0.70203857
0.80573796,0.16245219,0.03180985
0.58224343,0.37015922,0.04759735
0.13754781,0.06206403,0.80038816
0.38499912,0.30586454,0.30913635
0.14209380,0.79777741,0.06012879
0.94641755,0.05094619,0.00263626
0.99623387,0.00323122,0.00053491
0.66862321,0.32822786,0.00314893
0.00001234,0.00865478,0.99133288
0.01152173,0.58672346,0.40175481
0.75671024,0.23177589,0.01151387
0.00001261,0.00039099,0.99959641
0.00431324,0.01748786,0.97819890
0.98560331,0.01435591,0.00004078
0.01383258,0.81416421,0.17200321
0.27889698,0.71129641,0.00980661
0.98125829,0.00984695,0.00889476
0.93306920,0.04928726,0.01764354
0.00929656,0.69835628,0.29234716
0.10471583,0.02163537,0.87364880
0.05413653,0.66646649,0.27939699
0.13020900,0.22260821,0.64718278
0.10267312,0.36119106,0.53613582
0.18848668,0.50684740,0.30466592
0.94193287,0.05277860,0.00528853
0.84598317,0.03138988,0.12262695
0.00328638,0.29253760,0.70417603
0.00072804,0.04989694,0.94937501
0.98269847,0.00682571,0.01047582
0.00209456,0.32389798,0.67400746
0.00051220,0.64102747,0.35846033
0.10996032,0.80428505,0.08575462
0.06799082,0.72459484,0.20741434
0.05855379,0.02734721,0.91409899
0.16703349,0.60239092,0.23057559
0.51221552,0.36957974,0.11820474
0.70922510,0.10458981,0.18618509
0.00001249,0.00066265,0.99932486
0.00046053,0.15504935,0.84449012
0.09595790,0.83826823,0.06577387
0.00028634,0.17323586,0.82647780
0.00009122,0.79256835,0.20734043
0.02045845,0.07045193,0.90908962
0.98671625,0.00388141,0.00940234
0.91444901,0.07810603,0.00744497
0.88023886,0.11920208,0.00055906
0.01214332,0.12111828,0.86673841
0.12283717,0.68431368,0.19284915
0.85834483,0.14064772,0.00100745
0.00560725,0.51857512,0.47581762
0.00021337,0.00133287,0.99845376
0.15209210,0.83037723,0.01753067
0.00001566,0.01571246,0.98427189
0.19847579,0.56360219,0.23792202
0.00726783,0.04642331,0.94630886
0.82513358,0.17474355,0.00012288
0.00591533,0.98311058,0.01097408
0.00258019,0.85563978,0.14178004
0.50635678,0.49260475,0.00103847
0.03140476,0.16017515,0.80842009
0.02552475,0.20048368,0.77399156
0.00379950,0.23693078,0.75926972
0.33504096,0.53494555,0.13001349
0.00001286,0.00172241,0.99826472
0.10953925,0.41858269,0.47187805
0.06152746,0.66348118,0.27499136
0.00501137,0.96556319,0.02942544
0.51381430,0.27499532,0.21119038
0.07818213,0.79936353,0.12245435
0.02211247,0.13926114,0.83862639
0.83282006,0.15256032,0.01461962
0.00177591,0.07707757,0.92114652
0.02900788,0.38954448,0.58144764
0.12634995,0.12819535,0.74545470
0.61763212,0.37751923,0.00484865
0.18832070,0.07502216,0.73665714
0.54402411,0.39372245,0.06225345
0.00250881,0.03198826,0.96550293
0.83245940,0.16706543,0.00047517
0.16440735,0.78492400,0.05066864
0.99703596,0.00262380,0.00034024
0.01719981,0.03544048,0.94735970
0.91638914,0.03841652,0.04519434
0.01266854,0.43588945,0.55144201
0.91538328,0.03747528,0.04714144
0.80012886,0.05176546,0.14810569
0.08639947,0.01491867,0.89868185
0.98055442,0.01878190,0.00066367
0.63657519,0.03540124,0.32802357
0.41226977,0.53246070,0.05526953
0.03441633,0.63012726,0.33545641
0.63779827,0.21640867,0.14579306
0.00034355,0.00308305,0.99657340
0.45825420,0.37125543,0.17049036
0.24973400,0.13217652,0.61808948
0.99077334,0.00901285,0.00021381
0.20166747,0.02423262,0.77409991
0.72741760,0.07144244,0.20113996
0.10694161,0.57978950,0.31326889
0.01431914,0.04351702,0.94216384
0.99914248,0.00061388,0.00024364
0.19451786,0.30248653,0.50299561
0.19224751,0.72944174,0.07831075
0.98270074,0.00133221,0.01596705
0.55686278,0.41474892,0.02838830
0.05506335,0.40885803,0.53607862
0.83807877,0.04133850,0.12058273
0.78845027,0.19505608,0.01649364
0.07242009,0.30460408,0.62297583
0.00831164,0.05204486,0.93964350
0.63332127,0.11903821,0.24764052
0.00453866,0.07407501,0.92138633
0.92177034,0.02900983,0.04921984
0.90007834,0.06940893,0.03051273
0.22404216,0.69211748,0.08384036
0.99776771,0.00093936,0.00129293
0.13467158,0.72458785,0.14074057
0.19627196,0.05454786,0.74918018
0.70107690,0.29357701,0.00534608
0.78769221,0.12035444,0.09195335
0.99948676,0.00045066,0.00006258
0.71962362,0.25627590,0.02410048
0.71689604,0.24943163,0.03367233
0.49679969,0.38917166,0.11402864
0.98890654,0.00730304,0.00379042
0.00114638,0.01782862,0.98102499
0.00060498,0.02711492,0.97228010
0.05582460,0.37571175,0.56846365
0.08626480,0.09111152,0.82262368
0.03646749,0.07458577,0.88894674
0.01276384,0.07684170,0.91039445
0.00054408,0.00580424,0.99365169
0.07404671,0.01181710,0.91413620
0.03290610,0.56597098,0.40112292
0.00345877,0.70112352,0.29541771
0.99919921,0.00059438,0.00020641
0.04717604,0.71114474,0.24167922
0.42793170,0.40624484,0.16582346
0.68889665,0.18697093,0.12413241
0.00064668,0.07364661,0.92570671
0.73976414,0.06912358,0.19111228
0.31190425,0.43705899,0.25103676
0.00097306,0.60634012,0.39268682
0.09091649,0.84018082,0.06890268
0.51432882,0.11061858,0.37505260
0.02971458,0.00282752,0.96745790
0.01636755,0.59436671,0.38926574
0.07865856,0.85375310,0.06758833
0.02100814,0.65188821,0.32710365
0.99347462,0.00610478,0.00042060
0.43603264,0.13055115,0.43341620
0.06113868,0.23975353,0.69910780
0.18805363,0.23053200,0.58141437
0.70582950,0.26065387,0.03351663
0.98799530,0.01200063,0.00000407
0.48444555,0.15741695,0.35813750
0.04372709,0.60946101,0.34681190
0.98532301,0.01330938,0.00136761
0.01033685,0.17475059,0.81491257
0.10439647,0.00316000,0.89244354
0.40569364,0.57260780,0.02169855
0.94180603,0.01614624,0.04204773
0.00527800,0.82300030,0.17172170
0.44387036,0.47053888,0.08559076
0.00018710,0.00202134,0.99779156
0.70852056,0.10191091,0.18956853
0.06772203,0.10553711,0.82674086
0.92092044,0.07073936,0.00834021
0.11973519,0.53348338,0.34678143
0.23278560,0.65992930,0.10728511
0.90440689,0.09223880,0.00335431
0.00029272,0.83751898,0.16218830
0.02741161,0.50599461,0.46659378
0.42684746,0.48490293,0.08824961
0.00624353,0.78649614,0.20726033
0.01887352,0.11296316,0.86816332
0.98511224,0.00695676,0.00793100
0.00744521,0.86078283,0.13177197
0.98991606,0.00120883,0.00887510
0.54222892,0.28992951,0.16784157
0.00730609,0.14849119,0.84420272
0.92811153,0.04946406,0.02242441
0.02238385,0.87555311,0.10206304
0.05469690,0.68673589,0.25856721
0.42974235,0.03471104,0.53554661
0.85366174,0.10282876,0.04350950
0.74493888,0.22297500,0.03208612
0.53427477,0.26673586,0.19898937
0.00093732,0.14339008,0.85567260
0.02900170,0.74801233,0.22298597
0.01096703,0.02839329,0.96063968
0.62630481,0.32670618,0.04698902
0.99276241,0.00579312,0.00144448
0.44835975,0.47529920,0.07634105
0.97386759,0.02473860,0.00139381
0.64414480,0.19572013,0.16013506
0.00015984,0.00805040,0.99178976
0.00553547,0.71603061,0.27843393
0.32161750,0.23504892,0.44333358
0.00021630,0.11549951,0.88428419
0.00197921,0.03258231,0.96543849
0.20298816,0.61175519,0.18525665
0.05156848,0.71142241,0.23700911
0.00149118,0.00508799,0.99342084
0.56349534,0.42198444,0.01452022
0.10514861,0.69451746,0.20033393
0.05105158,0.48533257,0.46361586
0.12390713,0.15658189,0.71951099
0.21663267,0.06734088,0.71602645
0.00150609,0.01324161,0.98525231
0.01011471,0.43227673,0.55760856
0.00403393,0.15274260,0.84322347
0.81659676,0.05776998,0.12563327
0.00001282,0.32329792,0.67668927
0.35878748,0.46320421,0.17800831
0.42879185,0.24295066,0.32825749
0.00786779,0.07288824,0.91924397
0.00918335,0.25062482,0.74019183
0.02812062,0.45171874,0.52016064
0.01901088,0.77092456,0.21006455
0.00061910,0.13449465,0.86488625
0.07246833,0.32094499,0.60658668
0.72250640,0.10249327,0.17500033
0.00000612,0.00309059,0.99690329
0.24514507,0.73443573,0.02041920
0.74801080,0.14592665,0.10606254
0.00618415,0.39772040,0.59609546
0.00014814,0.04543750,0.95441436
0.00151085,0.91028835,0.08820080
0.00529539,0.19152485,0.80317976
0.04400296,0.64530537,0.31069167
0.00000375,0.00074973,0.99924652
0.00245859,0.44983351,0.54770790
0.00019639,0.06934257,0.93046103
0.98300773,0.01444749,0.00254478
0.28859292,0.64577334,0.06563373
0.02074539,0.96468182,0.01457279
0.12676653,0.06212325,0.81111022
0.51181811,0.46943156,0.01875033
0.78814932,0.13669674,0.07515394
0.02187646,0.16499750,0.81312604
0.00039648,0.00285543,0.99674809
0.91006676,0.06551930,0.02441394
0.05904235,0.34594392,0.59501372
0.89049529,0.05013265,0.05937206
0.00102360,0.02246388,0.97651252
0.00039724,0.04683667,0.95276609
0.03805029,0.85516096,0.10678874
0.03622613,0.00891267,0.95486119
0.13624218,0.16835988,0.69539794
0.09656823,0.58987989,0.31355188
0.22574607,0.30174753,0.47250640
0.00373517,0.47251840,0.52374644
0.87720368,0.11232624,0.01047008
0.00000041,0.00901354,0.99098605
0.73482862,0.23535586,0.02981552
0.00425398,0.54868164,0.44706439
0.63305646,0.33877970,0.02816384
0.03341267,0.67732363,0.28926370
0.76055085,0.15890117,0.08054798
0.07745126,0.05179256,0.87075617
0.12009349,0.14669431,0.73321220
0.00397599,0.12930597,0.86671804
0.38249237,0.09002565,0.52748198
0.01775512,0.96705512,0.01518975
0.01574328,0.73364551,0.25061121
0.00131995,0.01449366,0.98418639
0.87514607,0.10606701,0.01878693
0.92652818,0.03580413,0.03766769
0.34613205,0.26588035,0.38798760
0.00164537,0.05271662,0.94563802
0.37599923,0.30921059,0.31479018
0.00001014,0.00670505,0.99328481
0.87660544,0.03975243,0.08364213
0.00000154,0.00085320,0.99914526
0.87264293,0.00594635,0.12141072
0.00002815,0.41318535,0.58678650
0.77560641,0.06778947,0.15660412
0.34518498,0.41470709,0.24010793
0.89974150,0.08187776,0.01838074
0.19349220,0.03055756,0.77595024
0.15608160,0.52555920,0.31835920
0.57501746,0.28603576,0.13894677
0.10782892,0.18114632,0.71102477
0.00246129,0.63327391,0.36426480
0.81103039,0.09010389,0.09886572
0.15431923,0.15089540,0.69478537
0.06385812,0.08749297,0.84864891
0.89182968,0.09246713,0.01570319
0.02965530,0.11528977,0.85505493
0.02996046,0.19733631,0.77270322
0.79791516,0.18382052,0.01826433
0.00039006,0.06745348,0.93215646
0.03834845,0.09901425,0.86263730
0.00035849,0.25791031,0.74173120
0.05339148,0.18093350,0.76567502
0.05997801,0.65044846,0.28957352
0.37148929,0.53230530,0.09620541
0.02705789,0.07759437,0.89534774
0.50529751,0.38299784,0.11170465
0.00606202,0.48718834,0.50674964
0.66061301,0.07846542,0.26092158
0.20015420,0.55133968,0.24850612
0.01659799,0.00086552,0.98253649
0.04371613,0.16088842,0.79539544
0.82338221,0.09587518,0.08074261
0.00861536,0.41922744,0.57215720
0.11375531,0.01101011,0.87523457
0.11764665,0.24787358,0.63447977
0.00630013,0.19922708,0.79447279
0.99880355,0.00098271,0.00021374
0.21358079,0.04693046,0.73948875
0.00239564,0.02004926,0.97755510
0.52299976,0.37104842,0.10595182
0.71783675,0.28192145,0.00024179
0.25969719,0.01281803,0.72748479
0.57771872,0.33178865,0.09049263
0.94262010,0.01865598,0.03872392
0.01086150,0.02424865,0.96488985
0.00000824,0.04605822,0.95393354
0.17034607,0.65366486,0.17598906
0.00066543,0.04732821,0.95200636
0.94176887,0.00719475,0.05103638
0.63797891,0.34546981,0.01655129
0.25159186,0.50067137,0.24773677
0.00841079,0.03726305,0.95432616
0.00045167,0.03173188,0.96781645
0.03479178,0.30064789,0.66456033
0.37894454,0.31180538,0.30925008
0.20110670,0.60919359,0.18969971
0.03952575,0.05689233,0.90358192
0.05554679,0.04246882,0.90198438
0.30539923,0.53387737,0.16072340
0.80259870,0.11759557,0.07980573
0.05652169,0.94250916,0.00096915
0.14283468,0.23606241,0.62110291
0.49016677,0.30818265,0.20165058
0.44700222,0.55270152,0.00029626
0.47880658,0.04288696,0.47830647
0.99632202,0.00367536,0.00000261
0.97004448,0.00303012,0.02692540
0.41799854,0.49879190,0.08320956
0.24950751,0.57902905,0.17146344
0.99273812,0.00467305,0.00258883
0.15331401,0.43716323,0.40952277
0.00706919,0.82630443,0.16662638
0.62319219,0.26142895,0.11537886
0.20710852,0.52861222,0.26427926
0.68365836,0.30716533,0.00917631
0.02489131,0.31014120,0.66496749
0.04070730,0.29087962,0.66841307
0.02732492,0.14690208,0.82577300
0.07900934,0.02256048,0.89843018
0.77535021,0.10773207,0.11691772
0.97314579,0.02621184,0.00064238
0.00019967,0.06852237,0.93127796
0.00205143,0.01064116,0.98730741
0.03875356,0.46828400,0.49296244
0.45517511,0.36912102,0.17570387
0.21289200,0.46746330,0.31964470
0.15145235,0.41713518,0.43141247
0.15920364,0.33897021,0.50182615
0.43562438,0.13825015,0.42612546
0.00180328,0.00019162,0.99800510
0.00026696,0.00926307,0.99046998
0.98533156,0.01032394,0.00434450
0.01365231,0.68577593,0.30057177
0.00015900,0.00327704,0.99656397
0.10187438,0.04193045,0.85619517
0.02670850,0.88633312,0.08695838
0.00612085,0.01510504,0.97877411
0.13018583,0.61633111,0.25348306
0.01981807,0.14608543,0.83409650
0.04576364,0.54230589,0.41193047
0.96506679,0.03050428,0.00442892
0.00204303,0.04709219,0.95086478
0.11645697,0.46772337,0.41581967
0.00029080,0.01293333,0.98677587
0.00659786,0.47824674,0.51515540
0.08689684,0.89988364,0.01321952
0.00079224,0.79865797,0.20054979
0.00876428,0.34408460,0.64715112
0.10221193,0.31362241,0.58416565
0.82846520,0.16843099,0.00310380
0.06271645,0.81130412,0.12597943
0.77893981,0.15113384,0.06992635
0.00174658,0.12167840,0.87657502
0.00012478,0.04891532,0.95095990
0.00528095,0.84365797,0.15106108
0.90898196,0.09094622,0.00007183
0.00000178,0.00325061,0.99674761
0.63642321,0.35633658,0.00724022
0.00204303,0.01111709,0.98683988
0.00152748,0.24672714,0.75174539
0.06992790,0.14453472,0.78553738
0.56131621,0.38392823,0.05475556
0.70478246,0.10946197,0.18575557
0.06694386,0.06902175,0.86403439
0.62116194,0.36137216,0.01746589
0.02062344,0.07499570,0.90438086
0.00946240,0.77592941,0.21460819
0.00220396,0.46071768,0.53707836
0.00024306,0.01633842,0.98341852
0.98700824,0.01135805,0.00163371
0.11622132,0.54658234,0.33719634
0.97861546,0.01986408,0.00152046
0.01938070,0.97884778,0.00177152
0.31193559,0.26176963,0.42629478
0.00450595,0.31351528,0.68197877
0.26903179,0.58663046,0.14433775
0.00016974,0.04712633,0.95270393
0.00124937,0.04111295,0.95763768
0.01207480,0.04914926,0.93877594
0.01059642,0.22196420,0.76743937
0.00392413,0.16669551,0.82938036
0.94306060,0.04533575,0.01160365
0.93748942,0.02375108,0.03875949
0.19035047,0.37616583,0.43348370
0.00071160,0.19876749,0.80052091
0.00752406,0.00050844,0.99196750
0.99415565,0.00443252,0.00141182
0.72859297,0.03754202,0.23386501
0.07152374,0.09333730,0.83513896
0.99959585,0.00032596,0.00007819
0.93908500,0.04331080,0.01760420
0.03261731,0.65428522,0.31309748
0.00008411,0.00860761,0.99130828
0.56650201,0.33028076,0.10321723
0.10865105,0.23615774,0.65519121
0.03469018,0.57321462,0.39209520
0.01521486,0.98143480,0.00335034
0.00135460,0.00314485,0.99550055
0.99414438,0.00455274,0.00130287
0.00354817,0.05680402,0.93964780
0.00152124,0.33096095,0.66751781
0.00275024,0.03175330,0.96549646
0.56235083,0.19725113,0.24039805
0.57816226,0.18733188,0.23450586
0.28221517,0.19064276,0.52714207
0.14888605,0.18900662,0.66210734
0.75845641,0.21480800,0.02673559
0.40669834,0.40553888,0.18776278
0.80779494,0.08232107,0.10988399
0.07284845,0.17705067,0.75010088
0.01385348,0.66030584,0.32584068
0.53607086,0.08801321,0.37591593
0.00842719,0.05826246,0.93331036
0.79196152,0.05731761,0.15072087
0.97338583,0.02430168,0.00231249
0.83728706,0.08914589,0.07356704
0.80374248,0.19584961,0.00040792
0.17213337,0.19440609,0.63346054
0.00189209,0.03760597,0.96050195
0.08731812,0.26212005,0.65056183
0.80570901,0.18870531,0.00558568
0.03618222,0.10767697,0.85614082
0.30016543,0.19816775,0.50166682
0.16429628,0.01826332,0.81744040
0.20172682,0.38789207,0.41038111
0.76835951,0.04097397,0.19066653
0.56500511,0.14491475,0.29008014
0.35380458,0.18584324,0.46035218
0.04036633,0.18642989,0.77320378
0.00404009,0.07615397,0.91980594
0.89747926,0.04417711,0.05834363
0.56602896,0.30954893,0.12442211
0.01050771,0.22542994,0.76406235
0.00729443,0.06977424,0.92293133
0.09716772,0.35112119,0.55171109
0.86070738,0.06240312,0.07688950
0.04114095,0.90894861,0.04991044
0.29135255,0.35295364,0.35569381
0.02481846,0.34204810,0.63313344
0.73738828,0.17308155,0.08953017
0.92208964,0.05822149,0.01968888
0.99744973,0.00169189,0.00085838
0.05223386,0.02587328,0.92189286
0.82174900,0.10381385,0.07443715
0.76001177,0.23203281,0.00795543
0.96549050,0.00099614,0.03351336
0.87988428,0.04646891,0.07364681
0.99959933,0.00040032,0.00000035
0.59945240,0.31188358,0.08866402
0.09877595,0.00166968,0.89955438
0.36263660,0.36222473,0.27513867
0.94807884,0.02687740,0.02504376
0.27155188,0.68106460,0.04738352
0.00256031,0.00271385,0.99472584
0.95683281,0.03445427,0.00871292
0.73896361,0.13202633,0.12901005
0.01584443,0.17097406,0.81318151
0.10325309,0.06460201,0.83214490
0.12921394,0.68468512,0.18610094
0.00260108,0.05169714,0.94570178
0.00438083,0.00990500,0.98571417
0.98586716,0.01400093,0.00013191
0.99997613,0.00000922,0.00001466
0.23065537,0.12052519,0.64881944
0.50444911,0.17460621,0.32094468
0.00482753,0.18660975,0.80856272
0.00102490,0.06810156,0.93087354
0.00207352,0.03143684,0.96648965
0.00004501,0.96918839,0.03076660
0.06500365,0.17600263,0.75899372
0.00023927,0.24484714,0.75491359
0.00100945,0.09595377,0.90303679
0.06316059,0.20615773,0.73068168
0.30814456,0.34510334,0.34675211
0.16648146,0.36744325,0.46607530
0.12449669,0.13040934,0.74509397
0.00000088,0.00023661,0.99976251
0.53456664,0.39558775,0.06984561
0.10608432,0.81066120,0.08325448
0.46310494,0.30170236,0.23519270
0.01682106,0.71496060,0.26821834
0.00316879,0.12517577,0.87165544
0.00012103,0.85773633,0.14214264
0.00034990,0.00597632,0.99367378
0.05858262,0.19278365,0.74863373
0.55485624,0.20582715,0.23931661
0.26406248,0.64042759,0.09550993
0.85964074,0.05548443,0.08487484
0.03188161,0.30512969,0.66298870
0.04072246,0.49097493,0.46830261
0.99753330,0.00246210,0.00000460
0.38693304,0.03392417,0.57914279
0.38762814,0.60341794,0.00895393
0.00560727,0.04927071,0.94512202
0.98199524,0.01790472,0.00010004
0.20236957,0.54498118,0.25264925
0.85718716,0.13856598,0.00424686
0.50204856,0.02095678,0.47699466
0.00789304,0.54881149,0.44329547
0.83313820,0.13806194,0.02879986
0.00919032,0.96126498,0.02954469
0.01183251,0.03036616,0.95780133
0.04160102,0.55215249,0.40624649
0.04343032,0.95656899,0.00000069
0.15882044,0.08962781,0.75155175
0.00352355,0.08910890,0.90736755
0.00076896,0.12925125,0.86997978
0.97143639,0.02061271,0.00795090
0.93488902,0.00992693,0.05518405
0.06055320,0.13702936,0.80241745
0.92769456,0.04002625,0.03227919
0.57408795,0.30180403,0.12410802
0.00002103,0.00179812,0.99818085
0.00010285,0.01223049,0.98766666
0.00070689,0.00685690,0.99243621
0.14382448,0.24948911,0.60668641
0.08872317,0.17205808,0.73921876
0.13669177,0.86313268,0.00017555
0.22475884,0.29377119,0.48146997
0.69597543,0.12954218,0.17448239
0.00007445,0.00026683,0.99965872
0.64272984,0.26080355,0.09646661
0.15056502,0.46806277,0.38137221
0.06091864,0.14195731,0.79712405
0.31577383,0.25909639,0.42512978
0.92160124,0.07837953,0.00001923
0.00124556,0.02247753,0.97627690
0.33327123,0.60542490,0.06130387
0.39897331,0.41505872,0.18596796
0.06602119,0.69664345,0.23733536
0.11338254,0.04983580,0.83678166
0.00061892,0.00834722,0.99103385
0.00770851,0.57483934,0.41745215
0.93510316,0.06487678,0.00002006
0.06569351,0.16696255,0.76734394
0.00028880,0.00077703,0.99893417
0.31928907,0.65905453,0.02165639
0.27719042,0.36169362,0.36111597
0.00405598,0.00826020,0.98768381
0.25085774,0.19688383,0.55225844
0.99721987,0.00044065,0.00233947
0.08208080,0.53884105,0.37907815
0.02223984,0.27035669,0.70740348
0.00496835,0.48474578,0.51028587
0.05004950,0.44555184,0.50439865
0.93772768,0.06174908,0.00052324
0.83847198,0.13763860,0.02388942
0.35349686,0.56419594,0.08230720
0.08013347,0.16885063,0.75101590
0.02065461,0.04415642,0.93518896
0.01025591,0.03596908,0.95377501
0.00002210,0.01786236,0.98211553
0.44538966,0.41095151,0.14365884
0.00000953,0.11071778,0.88927269
0.26365189,0.38575125,0.35059686
0.00401429,0.00183263,0.99415308
0.87595492,0.10761730,0.01642778
0.94559615,0.05223408,0.00216977
0.99987859,0.00007414,0.00004727
0.00001433,0.00945691,0.99052876
0.00239284,0.66471159,0.33289557
0.00065885,0.15223021,0.84711094
0.84213134,0.13161033,0.02625833
0.05956209,0.35977700,0.58066090
0.57117295,0.42373694,0.00509011
0.73281889,0.00338771,0.26379341
0.07843580,0.58718914,0.33437506
0.00673192,0.97697844,0.01628964
0.09982285,0.78408721,0.11608994
0.94087480,0.05174118,0.00738402
0.07247779,0.08367930,0.84384291
0.13669665,0.10400169,0.75930166
0.01825798,0.06134996,0.92039206
0.00088226,0.13975947,0.85935828
0.11831018,0.73672661,0.14496321
0.00884267,0.02323223,0.96792510
0.15003698,0.09682705,0.75313597
0.06617895,0.49167211,0.44214893
0.00003663,0.00051306,0.99945031
0.05625186,0.12805419,0.81569395
0.19963925,0.25726275,0.54309800
0.18343343,0.33204494,0.48452163
0.99285289,0.00706522,0.00008189
0.00034800,0.49140533,0.50824667
0.00022663,0.00778543,0.99198794
0.29766733,0.19325879,0.50907388
0.00485020,0.04816063,0.94698917
0.00615723,0.91407104,0.07977174
0.16555348,0.04539683,0.78904968
0.81875634,0.07119460,0.11004906
0.37064259,0.45008272,0.17927468
0.04179786,0.43071456,0.52748758
0.02702354,0.25341486,0.71956161
0.99279010,0.00680957,0.00040033
0.00315288,0.04245719,0.95438994
0.00696210,0.00495758,0.98808032
0.25002062,0.61420077,0.13577860
0.04145560,0.15969958,0.79884481
0.09016820,0.90789664,0.00193516
0.30858988,0.19115773,0.50025239
0.02507908,0.43992363,0.53499729
0.69434796,0.25757849,0.04807356
0.00001173,0.00154029,0.99844797
0.83898894,0.13075797,0.03025309
0.60988010,0.16578412,0.22433578
0.82102325,0.15436721,0.02460954
0.00059424,0.59416939,0.40523637
0.00227835,0.09160382,0.90611783
0.00038338,0.03353987,0.96607674
0.20796827,0.51997249,0.27205924
0.79624983,0.19340493,0.01034523
0.00108469,0.51850180,0.48041352
0.89914828,0.06970349,0.03114823
0.74265629,0.03545007,0.22189364
0.96932732,0.02234445,0.00832824
0.02890432,0.07682348,0.89427221
0.05712562,0.36129258,0.58158181
0.55149425,0.27703284,0.17147291
0.01205214,0.03738754,0.95056032
0.00011045,0.04696376,0.95292579
0.00961314,0.03457581,0.95581106
0.01252618,0.45557037,0.53190345
0.00002175,0.49301485,0.50696340
0.99633705,0.00365816,0.00000478
0.02517570,0.04591154,0.92891276
0.18160919,0.01872670,0.79966410
0.31407558,0.61074398,0.07518044
0.01191063,0.05160963,0.93647974
0.12755326,0.33180782,0.54063892
0.04359487,0.69146203,0.26494310
0.62629166,0.32092926,0.05277908
0.77555239,0.22392275,0.00052486
0.98929247,0.00544018,0.00526735
0.04498534,0.31748554,0.63752912
0.32769348,0.54268119,0.12962534
0.00348571,0.09948888,0.89702540
0.09378205,0.02211606,0.88410189
0.10480801,0.85269388,0.04249811
0.00021059,0.01450875,0.98528066
0.48140892,0.47454951,0.04404157
0.00636297,0.00041517,0.99322186
0.01125270,0.38117407,0.60757323
0.03166565,0.89122879,0.07710556
0.27287576,0.46262159,0.26450264
0.14090589,0.15236439,0.70672972
0.15438869,0.61488045,0.23073086
0.00000727,0.00084069,0.99915205
0.00597815,0.86856623,0.12545562
0.73707685,0.13886156,0.12406159
0.88915603,0.04598404,0.06485993
0.81868448,0.13704641,0.04426911
0.79032565,0.10411359,0.10556076
0.00107678,0.02446653,0.97445669
0.00760007,0.05853204,0.93386789
0.00111871,0.18022653,0.81865476
0.41507589,0.53634706,0.04857705
0.96163456,0.03513361,0.00323183
0.00001672,0.04835169,0.95163159
0.03758430,0.08389050,0.87852520
0.91255308,0.05977332,0.02767360
0.00597290,0.02569721,0.96832989
0.30612945,0.66912553,0.02474503
0.00000172,0.03835084,0.96164744
0.00056167,0.00442904,0.99500929
0.28762104,0.10731823,0.60506073
0.99959427,0.00018574,0.00021999
0.31728264,0.56329119,0.11942617
0.00084043,0.41135716,0.58780241
0.23287873,0.63800899,0.12911229
0.96076916,0.03689726,0.00233358
0.00541253,0.12343127,0.87115620
0.85460388,0.13752850,0.00786762
0.03325960,0.35874500,0.60799541
0.00224678,0.01365701,0.98409621
0.97436321,0.02185265,0.00378414
0.32116337,0.39962749,0.27920914
0.28769025,0.07520674,0.63710301
0.70066373,0.03407364,0.26526264
0.10148720,0.00116775,0.89734505
0.00626126,0.55499728,0.43874147
0.64735080,0.26872838,0.08392082
0.45699292,0.51364182,0.02936526
0.00088329,0.83375231,0.16536439
0.00041411,0.01706505,0.98252084
0.03052622,0.27627417,0.69319961
0.00015343,0.00310853,0.99673804
0.99487584,0.00270890,0.00241526
0.00093695,0.10364043,0.89542261
0.00313136,0.01502170,0.98184694
0.05469710,0.03320434,0.91209856
0.28888833,0.04215623,0.66895544
0.03570016,0.89411863,0.07018120
0.76565869,0.19550986,0.03883145
0.97689448,0.00188326,0.02122226
0.01797924,0.67526416,0.30675660
0.01444126,0.02266084,0.96289790
0.04912856,0.12235889,0.82851255
0.02329842,0.48179600,0.49490558
0.08453393,0.00691436,0.90855172
0.54410804,0.13499239,0.32089957
0.02554772,0.67957920,0.29487308
0.00080929,0.02201788,0.97717283
0.00000100,0.00015644,0.99984256
0.88774629,0.02963315,0.08262056
0.00909475,0.49784157,0.49306368
0.04742798,0.08708926,0.86548276
0.00066939,0.01859906,0.98073155
0.04851163,0.06945641,0.88203196
0.29147309,0.43796819,0.27055872
0.71829403,0.00343435,0.27827162
0.01142547,0.24483062,0.74374391
0.01121349,0.44130156,0.54748495
0.00021283,0.98374729,0.01603988
0.13381828,0.22496634,0.64121538
0.41437507,0.54370805,0.04191689
0.99509277,0.00432123,0.00058600
0.01601912,0.02173104,0.96224984
0.76746798,0.17212368,0.06040834
0.04271177,0.05954136,0.89774686
0.00297092,0.00035690,0.99667218
0.00211767,0.10168409,0.89619824
0.04036236,0.27411368,0.68552396
0.01053799,0.39688415,0.59257787
0.14364262,0.05623457,0.80012280
0.00017191,0.10849661,0.89133148
0.00218305,0.05353895,0.94427799
0.14353476,0.61942891,0.23703633
0.01190204,0.06658196,0.92151600
0.00000272,0.19921844,0.80077883
0.03056729,0.76996475,0.19946796
0.80214461,0.02390638,0.17394901
0.25780606,0.09350230,0.64869164
0.17577166,0.24610538,0.57812297
0.04330185,0.89103299,0.06566517
0.10279741,0.01519853,0.88200406
0.40337850,0.49292480,0.10369669
0.00000293,0.00207156,0.99792551
0.03674246,0.05016126,0.91309628
0.00788067,0.01203659,0.98008274
0.00025912,0.05177538,0.94796551
0.00591744,0.52164620,0.47243636
0.05450284,0.26824085,0.67725631
0.63695065,0.19826022,0.16478913
0.72169922,0.15058276,0.12771802
0.83777017,0.16216696,0.00006287
0.10406618,0.02471669,0.87121713
0.99376226,0.00606667,0.00017107
0.93602661,0.06095480,0.00301859
0.02676866,0.97253799,0.00069335
0.93378374,0.00598113,0.06023513
0.00037877,0.00758121,0.99204002
0.01903262,0.20417470,0.77679267
0.01262926,0.01372531,0.97364544
0.00870668,0.10611944,0.88517387
0.77107478,0.07034731,0.15857791
0.12265307,0.36857504,0.50877189
0.29136950,0.20590687,0.50272363
0.98028567,0.01146214,0.00825219
0.00090339,0.00934119,0.98975542
0.00000432,0.00017150,0.99982418
0.00008802,0.12622168,0.87369030
0.19066511,0.02608040,0.78325450
0.22066916,0.38167131,0.39765952
0.99203231,0.00386297,0.00410472
0.90537589,0.01042993,0.08419417
0.00011883,0.59699340,0.40288776
0.52615903,0.47344030,0.00040067
0.12300118,0.12356795,0.75343087
0.00220748,0.07780883,0.91998369
0.00233264,0.03968375,0.95798361
0.01059395,0.03147279,0.95793326
0.76713601,0.05575485,0.17710914
0.16497317,0.70264793,0.13237890
0.02459587,0.15777344,0.81763069
0.00225700,0.09699680,0.90074620
0.99407557,0.00570964,0.00021479
0.06273589,0.11875292,0.81851118
0.98332523,0.01411283,0.00256193
0.00063425,0.24903349,0.75033226
0.00000086,0.12889671,0.87110243
0.05792521,0.05424745,0.88782734
0.21015022,0.39594348,0.39390630
0.26413656,0.42884091,0.30702253
0.00001012,0.24520563,0.75478424
0.02171552,0.08976590,0.88851857
0.13305356,0.10381609,0.76313035
0.00043779,0.00349814,0.99606407
0.00452777,0.08741507,0.90805716
0.98607361,0.01386503,0.00006136
0.03170815,0.42883267,0.53945918
0.28775224,0.04602738,0.66622038
0.08952168,0.70187459,0.20860373
0.00024296,0.03129064,0.96846639
0.00551791,0.10042837,0.89405372
0.00008341,0.01872301,0.98119358
0.00148437,0.00696403,0.99155160
0.00137297,0.05656064,0.94206639
0.00000650,0.00302746,0.99696604
0.00023005,0.00072333,0.99904662
